100343
102503
102383
102740
100420
100400
102443
100580
102163
100402
100508
100506
100501
100500
100480
100621
100622
100620
100560
100561
100542
100541
100540
102283
102230
102303
102032
101480
101949
102614
102593
102613
100681
101360
100925
101020
102587
102586
102588
100660
100720
1082
2
1
102463
522
100060
101983
102083
100380
192
197
442
102634
101903
102363
193
100360
187
190
100600
188
582
100860
101640
203
185
189
102592
762
101963
101924
194
191
195
143
196
202
542
102343
102568
100961
102445
101040
101041
102483
102633
101121
102543
100962
100960
101955
101954
100020
101953
101952
101950
102447
102406
102403
102404
102405
102034
101540
102583
102585
102584
102448
101700
100342
1002
942
962
982
1062
922
1022
1001
100642
100641
100640
102041
102124
102103
562
564
563
448
447
452
722
443
450
453
449
444
445
451
102591
100160
102565
102446
100841
100840
102004
102653
102663
102423
102063
0
101580
102066
101281
100100
102070
521
102595
101500
108
102590
102183
184
161
102523
102563
102424
100520
102566
102567
102425
100121
100122
100120
100141
100140
100740
101000
101600
100980
102444
102025
403
109
101162
102065
101865
102067
102323
102029
102028
102229
101861
102232
100700
102069
102068
102263
102247
102244
102245
102243
102246
102071
102231
102228
102227
102225
102203
102226
102224
102024
102023
101951
1020222
101904
100340
101021
102035
102042
102044
102043
102052
102048
102046
102045
102047
102050
102049
102051
101384
101383
101381
101386
101380
101385
101387
101382
102040
102039
102038
102037
101440
862
102036
101883
102033
102031
102030
42
101682
102027
102026
102003
102005
102006
101925
101886
101866
101958
101948
101947
101946
101945
101943
101944
742
101881
101867
683
101885
101884
101882
101760
101880
101864
101860
101863
100300
101862
101840
101820
100800
101261
101420
100801
101620
842
101560
101720
101780
101741
101800
101740
101404
101400
101680
101681
101660
263
802
100940
100280
100320
101201
101520
101460
101405
101401
101403
101441
101300
101402
101321
101060
101100
101080
101340
101320
101240
101140
101223
101220
101222
100920
101260
101200
101180
101160
101161
178
101120
100927
100602
100601
100928
100924
100923
100900
100903
100902
100440
100821
100822
100820
100780
100760
100680
100603
100401
100502
100507
100505
100503
10050
100460
100341
100220
100200
100040
100262
100241
100261
100260
100181
100180
100080
1042
642
662
302
242
482
1102
602
622
903
902
882
822
782
446
544
543
462
342
